tensor([[[1.0757e+03, 0.0000e+00, 3.6407e+02],
         [0.0000e+00, 1.0739e+03, 3.1172e+02],
         [0.0000e+00, 0.0000e+00, 1.0000e+00]],

        [[1.0757e+03, 0.0000e+00, 3.6407e+02],
         [0.0000e+00, 1.0739e+03, 3.1172e+02],
         [0.0000e+00, 0.0000e+00, 1.0000e+00]],

        [[1.0757e+03, 0.0000e+00, 3.6407e+02],
         [0.0000e+00, 1.0739e+03, 3.1172e+02],
         [0.0000e+00, 0.0000e+00, 1.0000e+00]],

        ...,

        [[1.0757e+03, 0.0000e+00, 3.6407e+02],
         [0.0000e+00, 1.0739e+03, 3.1172e+02],
         [0.0000e+00, 0.0000e+00, 1.0000e+00]],

        [[1.0757e+03, 0.0000e+00, 3.6407e+02],
         [0.0000e+00, 1.0739e+03, 3.1172e+02],
         [0.0000e+00, 0.0000e+00, 1.0000e+00]],

        [[1.0757e+03, 0.0000e+00, 3.6407e+02],
         [0.0000e+00, 1.0739e+03, 3.1172e+02],
         [0.0000e+00, 0.0000e+00, 1.0000e+00]]])
